{
  "data": {
    "messageType": "analysisDocument.report",
    "requestId": "35c43432-8609-484d-a3a6-cc21dfceff66",
    "cohortIds": [
      "c_b0475e53c4b385489d065b1eba846603",
      "c_99e70e1c5f1b94ad5527b29e70d7125f",
      "c_56bef3eb6a1907d71a3fee360940931b"
    ],
    "type": "prevalence",
    "data": null,
    "figures": {
      "data": [
        {
          "x": [
            65,
            75,
            100,
            45,
            55,
            35,
            10,
            25
          ],
          "y": [
            0.00717354200696246,
            0.00997609264348249,
            0.0106442457757183,
            0.00133841613842997,
            0.00439803091838461,
            0.000348558803445898,
            0,
            7.05448729684822e-05
          ],
          "text": [
            "age_mid:  65<br />est: 7.173542e-03<br />lwr.ci: 7.139444e-03<br />upr.ci: 7.207640e-03<br />cohort: cohort.5Fc.5F56bef3eb6a1907d71a3fee360940931b",
            "age_mid:  75<br />est: 9.976093e-03<br />lwr.ci: 9.915397e-03<br />upr.ci: 1.003679e-02<br />cohort: cohort.5Fc.5F56bef3eb6a1907d71a3fee360940931b",
            "age_mid: 100<br />est: 1.064425e-02<br />lwr.ci: 1.050741e-02<br />upr.ci: 1.078108e-02<br />cohort: cohort.5Fc.5F56bef3eb6a1907d71a3fee360940931b",
            "age_mid:  45<br />est: 1.338416e-03<br />lwr.ci: 1.327054e-03<br />upr.ci: 1.349778e-03<br />cohort: cohort.5Fc.5F56bef3eb6a1907d71a3fee360940931b",
            "age_mid:  55<br />est: 4.398031e-03<br />lwr.ci: 4.375455e-03<br />upr.ci: 4.420607e-03<br />cohort: cohort.5Fc.5F56bef3eb6a1907d71a3fee360940931b",
            "age_mid:  35<br />est: 3.485588e-04<br />lwr.ci: 3.437603e-04<br />upr.ci: 3.533573e-04<br />cohort: cohort.5Fc.5F56bef3eb6a1907d71a3fee360940931b",
            "age_mid:  10<br />est: 0.000000e+00<br />lwr.ci: 0.000000e+00<br />upr.ci: 0.000000e+00<br />cohort: cohort.5Fc.5F56bef3eb6a1907d71a3fee360940931b",
            "age_mid:  25<br />est: 7.054487e-05<br />lwr.ci: 6.816848e-05<br />upr.ci: 7.292127e-05<br />cohort: cohort.5Fc.5F56bef3eb6a1907d71a3fee360940931b"
          ],
          "type": "scatter",
          "mode": "lines",
          "opacity": 1,
          "line": {
            "color": "transparent"
          },
          "error_y": {
            "array": [
              3.40977525552502e-05,
              6.06953310334658e-05,
              0.000136834053377565,
              1.13618695436622e-05,
              2.25756738658428e-05,
              4.79851978487072e-06,
              0,
              2.37639642906482e-06
            ],
            "arrayminus": [
              3.40977525552502e-05,
              6.06953310334658e-05,
              0.000136834053377565,
              1.13618695436622e-05,
              2.25756738658428e-05,
              4.79851978487072e-06,
              0,
              2.37639642906482e-06
            ],
            "type": "data",
            "width": 1.51215121512152,
            "symmetric": false,
            "color": "rgba(255,0,0,1)"
          },
          "name": "cohort.5Fc.5F56bef3eb6a1907d71a3fee360940931b",
          "legendgroup": "cohort.5Fc.5F56bef3eb6a1907d71a3fee360940931b",
          "showlegend": true,
          "xaxis": "x",
          "yaxis": "y",
          "hoverinfo": "text",
          "frame": null,
          "cohortId": "DIABETES_WITH_OTHER_SPECIFIED_MANIFESTATIONS"
        },
        {
          "x": [
            10,
            25,
            35,
            45,
            55,
            65,
            75,
            100
          ],
          "y": [
            0,
            8.97404294329275e-05,
            0.000324287927661959,
            0.000974079772278094,
            0.00274040112364663,
            0.00514822966968929,
            0.007401871573261,
            0.00831779611414925
          ],
          "text": [
            "age_mid:  10<br />est: 0.000000e+00<br />lwr.ci: 0.000000e+00<br />upr.ci: 0.000000e+00<br />cohort: cohort.5Fc.5F56bef3eb6a1907d71a3fee360940931b",
            "age_mid:  25<br />est: 8.974043e-05<br />lwr.ci: 8.692373e-05<br />upr.ci: 9.255713e-05<br />cohort: cohort.5Fc.5F56bef3eb6a1907d71a3fee360940931b",
            "age_mid:  35<br />est: 3.242879e-04<br />lwr.ci: 3.194979e-04<br />upr.ci: 3.290780e-04<br />cohort: cohort.5Fc.5F56bef3eb6a1907d71a3fee360940931b",
            "age_mid:  45<br />est: 9.740798e-04<br />lwr.ci: 9.646749e-04<br />upr.ci: 9.834846e-04<br />cohort: cohort.5Fc.5F56bef3eb6a1907d71a3fee360940931b",
            "age_mid:  55<br />est: 2.740401e-03<br />lwr.ci: 2.723982e-03<br />upr.ci: 2.756820e-03<br />cohort: cohort.5Fc.5F56bef3eb6a1907d71a3fee360940931b",
            "age_mid:  65<br />est: 5.148230e-03<br />lwr.ci: 5.122226e-03<br />upr.ci: 5.174233e-03<br />cohort: cohort.5Fc.5F56bef3eb6a1907d71a3fee360940931b",
            "age_mid:  75<br />est: 7.401872e-03<br />lwr.ci: 7.359926e-03<br />upr.ci: 7.443818e-03<br />cohort: cohort.5Fc.5F56bef3eb6a1907d71a3fee360940931b",
            "age_mid: 100<br />est: 8.317796e-03<br />lwr.ci: 8.237687e-03<br />upr.ci: 8.397905e-03<br />cohort: cohort.5Fc.5F56bef3eb6a1907d71a3fee360940931b"
          ],
          "type": "scatter",
          "mode": "lines",
          "opacity": 1,
          "line": {
            "color": "rgba(255,0,0,1)",
            "width": 3.77952755905512,
            "dash": "solid"
          },
          "error_y": {
            "array": [
              0,
              2.81669698615107e-06,
              4.79004696208517e-06,
              9.40483346327124e-06,
              1.6418876351352e-05,
              2.60036962528966e-05,
              4.19460086427959e-05,
              8.01088081107681e-05
            ],
            "arrayminus": [
              0,
              2.81669698615107e-06,
              4.79004696208517e-06,
              9.40483346327113e-06,
              1.6418876351352e-05,
              2.60036962528966e-05,
              4.19460086427959e-05,
              8.01088081107681e-05
            ],
            "type": "data",
            "width": 1.51215121512151,
            "symmetric": false,
            "color": "rgba(255,0,0,1)"
          },
          "name": "cohort.5Fc.5F56bef3eb6a1907d71a3fee360940931b",
          "legendgroup": "cohort.5Fc.5F56bef3eb6a1907d71a3fee360940931b",
          "showlegend": false,
          "xaxis": "x2",
          "yaxis": "y",
          "hoverinfo": "text",
          "hoveron": "points",
          "frame": null,
          "cohortId": "DIABETES_WITH_OTHER_SPECIFIED_MANIFESTATIONS"
        },
        {
          "x": [
            65,
            75,
            100,
            35,
            45,
            10,
            25,
            55
          ],
          "y": [
            0.00982151200782641,
            0.0157949540738341,
            0.0153086822018287,
            0.000172731168956681,
            0.0008489583497016,
            0,
            1.57553689702135e-05,
            0.00378245808932569
          ],
          "text": [
            "age_mid:  65<br />est: 9.821512e-03<br />lwr.ci: 9.781668e-03<br />upr.ci: 9.861356e-03<br />cohort: cohort.5Fc.5F99e70e1c5f1b94ad5527b29e70d7125f",
            "age_mid:  75<br />est: 1.579495e-02<br />lwr.ci: 1.571881e-02<br />upr.ci: 1.587110e-02<br />cohort: cohort.5Fc.5F99e70e1c5f1b94ad5527b29e70d7125f",
            "age_mid: 100<br />est: 1.530868e-02<br />lwr.ci: 1.514497e-02<br />upr.ci: 1.547239e-02<br />cohort: cohort.5Fc.5F99e70e1c5f1b94ad5527b29e70d7125f",
            "age_mid:  35<br />est: 1.727312e-04<br />lwr.ci: 1.693529e-04<br />upr.ci: 1.761094e-04<br />cohort: cohort.5Fc.5F99e70e1c5f1b94ad5527b29e70d7125f",
            "age_mid:  45<br />est: 8.489583e-04<br />lwr.ci: 8.399072e-04<br />upr.ci: 8.580095e-04<br />cohort: cohort.5Fc.5F99e70e1c5f1b94ad5527b29e70d7125f",
            "age_mid:  10<br />est: 0.000000e+00<br />lwr.ci: 0.000000e+00<br />upr.ci: 0.000000e+00<br />cohort: cohort.5Fc.5F99e70e1c5f1b94ad5527b29e70d7125f",
            "age_mid:  25<br />est: 1.575537e-05<br />lwr.ci: 1.463228e-05<br />upr.ci: 1.687845e-05<br />cohort: cohort.5Fc.5F99e70e1c5f1b94ad5527b29e70d7125f",
            "age_mid:  55<br />est: 3.782458e-03<br />lwr.ci: 3.761515e-03<br />upr.ci: 3.803401e-03<br />cohort: cohort.5Fc.5F99e70e1c5f1b94ad5527b29e70d7125f"
          ],
          "type": "scatter",
          "mode": "lines",
          "opacity": 1,
          "line": {
            "color": "transparent"
          },
          "error_y": {
            "array": [
              3.98444815476341e-05,
              7.61472430160122e-05,
              0.000163711603092464,
              3.37825795625494e-06,
              9.05115097177473e-06,
              0,
              1.12308428479214e-06,
              2.09427093119099e-05
            ],
            "arrayminus": [
              3.98444815476341e-05,
              7.61472430160122e-05,
              0.000163711603092464,
              3.37825795625494e-06,
              9.05115097177473e-06,
              0,
              1.12308428479214e-06,
              2.09427093119099e-05
            ],
            "type": "data",
            "width": 1.51215121512152,
            "symmetric": false,
            "color": "rgba(255,0,0,1)"
          },
          "name": "cohort.5Fc.5F99e70e1c5f1b94ad5527b29e70d7125f",
          "legendgroup": "cohort.5Fc.5F99e70e1c5f1b94ad5527b29e70d7125f",
          "showlegend": true,
          "xaxis": "x",
          "yaxis": "y",
          "hoverinfo": "text",
          "frame": null,
          "cohortId": "DIABETES_WITH_OPHTHALMIC_MANIFESTATIONS"
        },
        {
          "x": [
            45,
            75,
            100,
            55,
            65,
            10,
            25,
            35
          ],
          "y": [
            0.000704958529325047,
            0.0142292133324082,
            0.015822242600969,
            0.00253430611410402,
            0.00723479619820925,
            0,
            6.18216961930862e-05,
            0.000193179871685452
          ],
          "text": [
            "age_mid:  45<br />est: 7.049585e-04<br />lwr.ci: 6.969566e-04<br />upr.ci: 7.129604e-04<br />cohort: cohort.5Fc.5F99e70e1c5f1b94ad5527b29e70d7125f",
            "age_mid:  75<br />est: 1.422921e-02<br />lwr.ci: 1.417126e-02<br />upr.ci: 1.428717e-02<br />cohort: cohort.5Fc.5F99e70e1c5f1b94ad5527b29e70d7125f",
            "age_mid: 100<br />est: 1.582224e-02<br />lwr.ci: 1.571217e-02<br />upr.ci: 1.593231e-02<br />cohort: cohort.5Fc.5F99e70e1c5f1b94ad5527b29e70d7125f",
            "age_mid:  55<br />est: 2.534306e-03<br />lwr.ci: 2.518515e-03<br />upr.ci: 2.550097e-03<br />cohort: cohort.5Fc.5F99e70e1c5f1b94ad5527b29e70d7125f",
            "age_mid:  65<br />est: 7.234796e-03<br />lwr.ci: 7.204002e-03<br />upr.ci: 7.265590e-03<br />cohort: cohort.5Fc.5F99e70e1c5f1b94ad5527b29e70d7125f",
            "age_mid:  10<br />est: 0.000000e+00<br />lwr.ci: 0.000000e+00<br />upr.ci: 0.000000e+00<br />cohort: cohort.5Fc.5F99e70e1c5f1b94ad5527b29e70d7125f",
            "age_mid:  25<br />est: 6.182170e-05<br />lwr.ci: 5.948381e-05<br />upr.ci: 6.415958e-05<br />cohort: cohort.5Fc.5F99e70e1c5f1b94ad5527b29e70d7125f",
            "age_mid:  35<br />est: 1.931799e-04<br />lwr.ci: 1.894826e-04<br />upr.ci: 1.968772e-04<br />cohort: cohort.5Fc.5F99e70e1c5f1b94ad5527b29e70d7125f"
          ],
          "type": "scatter",
          "mode": "lines",
          "opacity": 1,
          "line": {
            "color": "transparent"
          },
          "error_y": {
            "array": [
              8.00191843042101e-06,
              5.79577557590777e-05,
              0.00011006789665835,
              1.57910413497659e-05,
              3.07938055868345e-05,
              0,
              2.33788195357731e-06,
              3.69729236839004e-06
            ],
            "arrayminus": [
              8.00191843042101e-06,
              5.79577557590777e-05,
              0.00011006789665835,
              1.57910413497659e-05,
              3.07938055868345e-05,
              0,
              2.33788195357731e-06,
              3.69729236839004e-06
            ],
            "type": "data",
            "width": 1.51215121512152,
            "symmetric": false,
            "color": "rgba(255,0,0,1)"
          },
          "name": "cohort.5Fc.5F99e70e1c5f1b94ad5527b29e70d7125f",
          "legendgroup": "cohort.5Fc.5F99e70e1c5f1b94ad5527b29e70d7125f",
          "showlegend": false,
          "xaxis": "x2",
          "yaxis": "y",
          "hoverinfo": "text",
          "frame": null,
          "cohortId": "DIABETES_WITH_OPHTHALMIC_MANIFESTATIONS"
        },
        {
          "x": [
            10,
            25,
            35,
            45,
            55,
            65,
            75,
            100
          ],
          "y": [
            0,
            2.64465122000012e-05,
            0.000156767168877824,
            0.000714928173427154,
            0.00293318210853752,
            0.00688626885766555,
            0.0104853692454414,
            0.0116018483720293
          ],
          "text": [
            "age_mid:  10<br />est: 0.000000e+00<br />lwr.ci: 0.000000e+00<br />upr.ci: 0.000000e+00<br />cohort: cohort.5Fc.5Fb0475e53c4b385489d065b1eba846603",
            "age_mid:  25<br />est: 2.644651e-05<br />lwr.ci: 2.499146e-05<br />upr.ci: 2.790157e-05<br />cohort: cohort.5Fc.5Fb0475e53c4b385489d065b1eba846603",
            "age_mid:  35<br />est: 1.567672e-04<br />lwr.ci: 1.535488e-04<br />upr.ci: 1.599856e-04<br />cohort: cohort.5Fc.5Fb0475e53c4b385489d065b1eba846603",
            "age_mid:  45<br />est: 7.149282e-04<br />lwr.ci: 7.066216e-04<br />upr.ci: 7.232347e-04<br />cohort: cohort.5Fc.5Fb0475e53c4b385489d065b1eba846603",
            "age_mid:  55<br />est: 2.933182e-03<br />lwr.ci: 2.914732e-03<br />upr.ci: 2.951632e-03<br />cohort: cohort.5Fc.5Fb0475e53c4b385489d065b1eba846603",
            "age_mid:  65<br />est: 6.886269e-03<br />lwr.ci: 6.852856e-03<br />upr.ci: 6.919682e-03<br />cohort: cohort.5Fc.5Fb0475e53c4b385489d065b1eba846603",
            "age_mid:  75<br />est: 1.048537e-02<br />lwr.ci: 1.042316e-02<br />upr.ci: 1.054758e-02<br />cohort: cohort.5Fc.5Fb0475e53c4b385489d065b1eba846603",
            "age_mid: 100<br />est: 1.160185e-02<br />lwr.ci: 1.145906e-02<br />upr.ci: 1.174464e-02<br />cohort: cohort.5Fc.5Fb0475e53c4b385489d065b1eba846603"
          ],
          "type": "scatter",
          "mode": "lines",
          "opacity": 1,
          "line": {
            "color": "rgba(255,0,0,1)",
            "width": 3.77952755905512,
            "dash": "solid"
          },
          "error_y": {
            "array": [
              0,
              1.45505678341817e-06,
              3.21838856840649e-06,
              8.30655509258108e-06,
              1.84501692858646e-05,
              3.34128669577391e-05,
              6.22092808651564e-05,
              0.000142787456678567
            ],
            "arrayminus": [
              0,
              1.45505678341817e-06,
              3.21838856840649e-06,
              8.30655509258108e-06,
              1.84501692858646e-05,
              3.34128669577391e-05,
              6.22092808651564e-05,
              0.000142787456678567
            ],
            "type": "data",
            "width": 1.51215121512151,
            "symmetric": false,
            "color": "rgba(255,0,0,1)"
          },
          "name": "cohort.5Fc.5Fb0475e53c4b385489d065b1eba846603",
          "legendgroup": "cohort.5Fc.5Fb0475e53c4b385489d065b1eba846603",
          "showlegend": true,
          "xaxis": "x",
          "yaxis": "y",
          "hoverinfo": "text",
          "hoveron": "points",
          "frame": null,
          "cohortId": "DIABETES_WITH_NEUROLOGICAL_MANIFESTATIONS"
        },
        {
          "x": [
            75,
            100,
            65,
            45,
            55,
            10,
            25,
            35
          ],
          "y": [
            0.00977018620414024,
            0.0123193304609562,
            0.00532491695594441,
            0.00059067546237734,
            0.00232705557560184,
            0,
            4.30864539365069e-05,
            0.000210425113449647
          ],
          "text": [
            "age_mid:  75<br />est: 9.770186e-03<br />lwr.ci: 9.722052e-03<br />upr.ci: 9.818320e-03<br />cohort: cohort.5Fc.5Fb0475e53c4b385489d065b1eba846603",
            "age_mid: 100<br />est: 1.231933e-02<br />lwr.ci: 1.222204e-02<br />upr.ci: 1.241663e-02<br />cohort: cohort.5Fc.5Fb0475e53c4b385489d065b1eba846603",
            "age_mid:  65<br />est: 5.324917e-03<br />lwr.ci: 5.298473e-03<br />upr.ci: 5.351361e-03<br />cohort: cohort.5Fc.5Fb0475e53c4b385489d065b1eba846603",
            "age_mid:  45<br />est: 5.906755e-04<br />lwr.ci: 5.833504e-04<br />upr.ci: 5.980005e-04<br />cohort: cohort.5Fc.5Fb0475e53c4b385489d065b1eba846603",
            "age_mid:  55<br />est: 2.327056e-03<br />lwr.ci: 2.311922e-03<br />upr.ci: 2.342189e-03<br />cohort: cohort.5Fc.5Fb0475e53c4b385489d065b1eba846603",
            "age_mid:  10<br />est: 0.000000e+00<br />lwr.ci: 0.000000e+00<br />upr.ci: 0.000000e+00<br />cohort: cohort.5Fc.5Fb0475e53c4b385489d065b1eba846603",
            "age_mid:  25<br />est: 4.308645e-05<br />lwr.ci: 4.113469e-05<br />upr.ci: 4.503821e-05<br />cohort: cohort.5Fc.5Fb0475e53c4b385489d065b1eba846603",
            "age_mid:  35<br />est: 2.104251e-04<br />lwr.ci: 2.065664e-04<br />upr.ci: 2.142839e-04<br />cohort: cohort.5Fc.5Fb0475e53c4b385489d065b1eba846603"
          ],
          "type": "scatter",
          "mode": "lines",
          "opacity": 1,
          "line": {
            "color": "transparent"
          },
          "error_y": {
            "array": [
              4.81340674887039e-05,
              9.72952648358623e-05,
              2.64438069710075e-05,
              7.32506752555251e-06,
              1.51331635724027e-05,
              0,
              1.95176068293932e-06,
              3.85876114830842e-06
            ],
            "arrayminus": [
              4.81340674887039e-05,
              9.72952648358623e-05,
              2.64438069710075e-05,
              7.32506752555251e-06,
              1.51331635724027e-05,
              0,
              1.95176068293932e-06,
              3.85876114830842e-06
            ],
            "type": "data",
            "width": 1.51215121512152,
            "symmetric": false,
            "color": "rgba(255,0,0,1)"
          },
          "name": "cohort.5Fc.5Fb0475e53c4b385489d065b1eba846603",
          "legendgroup": "cohort.5Fc.5Fb0475e53c4b385489d065b1eba846603",
          "showlegend": false,
          "xaxis": "x2",
          "yaxis": "y",
          "hoverinfo": "text",
          "frame": null,
          "cohortId": "DIABETES_WITH_NEUROLOGICAL_MANIFESTATIONS"
        },
        {
          "x": [
            10,
            25,
            35,
            45,
            55,
            65,
            75,
            100
          ],
          "y": [
            0,
            7.05448729684822e-05,
            0.000348558803445898,
            0.00133841613842997,
            0.00439803091838461,
            0.00717354200696246,
            0.00997609264348249,
            0.0106442457757183
          ],
          "text": [
            "age_mid:  10<br />est: 0.000000e+00<br />lwr.ci: 0.000000e+00<br />upr.ci: 0.000000e+00<br />cohort: cohort.5Fc.5F56bef3eb6a1907d71a3fee360940931b",
            "age_mid:  25<br />est: 7.054487e-05<br />lwr.ci: 6.816848e-05<br />upr.ci: 7.292127e-05<br />cohort: cohort.5Fc.5F56bef3eb6a1907d71a3fee360940931b",
            "age_mid:  35<br />est: 3.485588e-04<br />lwr.ci: 3.437603e-04<br />upr.ci: 3.533573e-04<br />cohort: cohort.5Fc.5F56bef3eb6a1907d71a3fee360940931b",
            "age_mid:  45<br />est: 1.338416e-03<br />lwr.ci: 1.327054e-03<br />upr.ci: 1.349778e-03<br />cohort: cohort.5Fc.5F56bef3eb6a1907d71a3fee360940931b",
            "age_mid:  55<br />est: 4.398031e-03<br />lwr.ci: 4.375455e-03<br />upr.ci: 4.420607e-03<br />cohort: cohort.5Fc.5F56bef3eb6a1907d71a3fee360940931b",
            "age_mid:  65<br />est: 7.173542e-03<br />lwr.ci: 7.139444e-03<br />upr.ci: 7.207640e-03<br />cohort: cohort.5Fc.5F56bef3eb6a1907d71a3fee360940931b",
            "age_mid:  75<br />est: 9.976093e-03<br />lwr.ci: 9.915397e-03<br />upr.ci: 1.003679e-02<br />cohort: cohort.5Fc.5F56bef3eb6a1907d71a3fee360940931b",
            "age_mid: 100<br />est: 1.064425e-02<br />lwr.ci: 1.050741e-02<br />upr.ci: 1.078108e-02<br />cohort: cohort.5Fc.5F56bef3eb6a1907d71a3fee360940931b"
          ],
          "type": "scatter",
          "mode": "lines",
          "line": {
            "width": 3.77952755905512,
            "color": "rgba(255,0,0,1)",
            "dash": "solid"
          },
          "hoveron": "points",
          "name": "cohort.5Fc.5F56bef3eb6a1907d71a3fee360940931b",
          "legendgroup": "cohort.5Fc.5F56bef3eb6a1907d71a3fee360940931b",
          "showlegend": false,
          "xaxis": "x",
          "yaxis": "y",
          "hoverinfo": "text",
          "frame": null,
          "cohortId": "DIABETES_WITH_OTHER_SPECIFIED_MANIFESTATIONS"
        },
        {
          "x": [
            10,
            25,
            35,
            45,
            55,
            65,
            75,
            100
          ],
          "y": [
            0,
            1.57553689702135e-05,
            0.000172731168956681,
            0.0008489583497016,
            0.00378245808932569,
            0.00982151200782641,
            0.0157949540738341,
            0.0153086822018287
          ],
          "text": [
            "age_mid:  10<br />est: 0.000000e+00<br />lwr.ci: 0.000000e+00<br />upr.ci: 0.000000e+00<br />cohort: cohort.5Fc.5F99e70e1c5f1b94ad5527b29e70d7125f",
            "age_mid:  25<br />est: 1.575537e-05<br />lwr.ci: 1.463228e-05<br />upr.ci: 1.687845e-05<br />cohort: cohort.5Fc.5F99e70e1c5f1b94ad5527b29e70d7125f",
            "age_mid:  35<br />est: 1.727312e-04<br />lwr.ci: 1.693529e-04<br />upr.ci: 1.761094e-04<br />cohort: cohort.5Fc.5F99e70e1c5f1b94ad5527b29e70d7125f",
            "age_mid:  45<br />est: 8.489583e-04<br />lwr.ci: 8.399072e-04<br />upr.ci: 8.580095e-04<br />cohort: cohort.5Fc.5F99e70e1c5f1b94ad5527b29e70d7125f",
            "age_mid:  55<br />est: 3.782458e-03<br />lwr.ci: 3.761515e-03<br />upr.ci: 3.803401e-03<br />cohort: cohort.5Fc.5F99e70e1c5f1b94ad5527b29e70d7125f",
            "age_mid:  65<br />est: 9.821512e-03<br />lwr.ci: 9.781668e-03<br />upr.ci: 9.861356e-03<br />cohort: cohort.5Fc.5F99e70e1c5f1b94ad5527b29e70d7125f",
            "age_mid:  75<br />est: 1.579495e-02<br />lwr.ci: 1.571881e-02<br />upr.ci: 1.587110e-02<br />cohort: cohort.5Fc.5F99e70e1c5f1b94ad5527b29e70d7125f",
            "age_mid: 100<br />est: 1.530868e-02<br />lwr.ci: 1.514497e-02<br />upr.ci: 1.547239e-02<br />cohort: cohort.5Fc.5F99e70e1c5f1b94ad5527b29e70d7125f"
          ],
          "type": "scatter",
          "mode": "lines",
          "line": {
            "width": 3.77952755905512,
            "color": "rgba(255,0,0,1)",
            "dash": "solid"
          },
          "hoveron": "points",
          "name": "cohort.5Fc.5F99e70e1c5f1b94ad5527b29e70d7125f",
          "legendgroup": "cohort.5Fc.5F99e70e1c5f1b94ad5527b29e70d7125f",
          "showlegend": false,
          "xaxis": "x",
          "yaxis": "y",
          "hoverinfo": "text",
          "frame": null,
          "cohortId": "DIABETES_WITH_OPHTHALMIC_MANIFESTATIONS"
        },
        {
          "x": [
            10,
            25,
            35,
            45,
            55,
            65,
            75,
            100
          ],
          "y": [
            0,
            6.18216961930862e-05,
            0.000193179871685452,
            0.000704958529325047,
            0.00253430611410402,
            0.00723479619820925,
            0.0142292133324082,
            0.015822242600969
          ],
          "text": [
            "age_mid:  10<br />est: 0.000000e+00<br />lwr.ci: 0.000000e+00<br />upr.ci: 0.000000e+00<br />cohort: cohort.5Fc.5F99e70e1c5f1b94ad5527b29e70d7125f",
            "age_mid:  25<br />est: 6.182170e-05<br />lwr.ci: 5.948381e-05<br />upr.ci: 6.415958e-05<br />cohort: cohort.5Fc.5F99e70e1c5f1b94ad5527b29e70d7125f",
            "age_mid:  35<br />est: 1.931799e-04<br />lwr.ci: 1.894826e-04<br />upr.ci: 1.968772e-04<br />cohort: cohort.5Fc.5F99e70e1c5f1b94ad5527b29e70d7125f",
            "age_mid:  45<br />est: 7.049585e-04<br />lwr.ci: 6.969566e-04<br />upr.ci: 7.129604e-04<br />cohort: cohort.5Fc.5F99e70e1c5f1b94ad5527b29e70d7125f",
            "age_mid:  55<br />est: 2.534306e-03<br />lwr.ci: 2.518515e-03<br />upr.ci: 2.550097e-03<br />cohort: cohort.5Fc.5F99e70e1c5f1b94ad5527b29e70d7125f",
            "age_mid:  65<br />est: 7.234796e-03<br />lwr.ci: 7.204002e-03<br />upr.ci: 7.265590e-03<br />cohort: cohort.5Fc.5F99e70e1c5f1b94ad5527b29e70d7125f",
            "age_mid:  75<br />est: 1.422921e-02<br />lwr.ci: 1.417126e-02<br />upr.ci: 1.428717e-02<br />cohort: cohort.5Fc.5F99e70e1c5f1b94ad5527b29e70d7125f",
            "age_mid: 100<br />est: 1.582224e-02<br />lwr.ci: 1.571217e-02<br />upr.ci: 1.593231e-02<br />cohort: cohort.5Fc.5F99e70e1c5f1b94ad5527b29e70d7125f"
          ],
          "type": "scatter",
          "mode": "lines",
          "line": {
            "width": 3.77952755905512,
            "color": "rgba(255,0,0,1)",
            "dash": "solid"
          },
          "hoveron": "points",
          "name": "cohort.5Fc.5F99e70e1c5f1b94ad5527b29e70d7125f",
          "legendgroup": "cohort.5Fc.5F99e70e1c5f1b94ad5527b29e70d7125f",
          "showlegend": false,
          "xaxis": "x2",
          "yaxis": "y",
          "hoverinfo": "text",
          "frame": null,
          "cohortId": "DIABETES_WITH_OPHTHALMIC_MANIFESTATIONS"
        },
        {
          "x": [
            10,
            25,
            35,
            45,
            55,
            65,
            75,
            100
          ],
          "y": [
            0,
            4.30864539365069e-05,
            0.000210425113449647,
            0.00059067546237734,
            0.00232705557560184,
            0.00532491695594441,
            0.00977018620414024,
            0.0123193304609562
          ],
          "text": [
            "age_mid:  10<br />est: 0.000000e+00<br />lwr.ci: 0.000000e+00<br />upr.ci: 0.000000e+00<br />cohort: cohort.5Fc.5Fb0475e53c4b385489d065b1eba846603",
            "age_mid:  25<br />est: 4.308645e-05<br />lwr.ci: 4.113469e-05<br />upr.ci: 4.503821e-05<br />cohort: cohort.5Fc.5Fb0475e53c4b385489d065b1eba846603",
            "age_mid:  35<br />est: 2.104251e-04<br />lwr.ci: 2.065664e-04<br />upr.ci: 2.142839e-04<br />cohort: cohort.5Fc.5Fb0475e53c4b385489d065b1eba846603",
            "age_mid:  45<br />est: 5.906755e-04<br />lwr.ci: 5.833504e-04<br />upr.ci: 5.980005e-04<br />cohort: cohort.5Fc.5Fb0475e53c4b385489d065b1eba846603",
            "age_mid:  55<br />est: 2.327056e-03<br />lwr.ci: 2.311922e-03<br />upr.ci: 2.342189e-03<br />cohort: cohort.5Fc.5Fb0475e53c4b385489d065b1eba846603",
            "age_mid:  65<br />est: 5.324917e-03<br />lwr.ci: 5.298473e-03<br />upr.ci: 5.351361e-03<br />cohort: cohort.5Fc.5Fb0475e53c4b385489d065b1eba846603",
            "age_mid:  75<br />est: 9.770186e-03<br />lwr.ci: 9.722052e-03<br />upr.ci: 9.818320e-03<br />cohort: cohort.5Fc.5Fb0475e53c4b385489d065b1eba846603",
            "age_mid: 100<br />est: 1.231933e-02<br />lwr.ci: 1.222204e-02<br />upr.ci: 1.241663e-02<br />cohort: cohort.5Fc.5Fb0475e53c4b385489d065b1eba846603"
          ],
          "type": "scatter",
          "mode": "lines",
          "line": {
            "width": 3.77952755905512,
            "color": "rgba(255,0,0,1)",
            "dash": "solid"
          },
          "hoveron": "points",
          "name": "cohort.5Fc.5Fb0475e53c4b385489d065b1eba846603",
          "legendgroup": "cohort.5Fc.5Fb0475e53c4b385489d065b1eba846603",
          "showlegend": false,
          "xaxis": "x2",
          "yaxis": "y",
          "hoverinfo": "text",
          "frame": null,
          "cohortId": "DIABETES_WITH_NEUROLOGICAL_MANIFESTATIONS"
        }
      ],
      "layout": {
        "margin": {
          "t": 34.9954337899543,
          "r": 7.30593607305936,
          "b": 37.2602739726027,
          "l": 54.7945205479452
        },
        "plot_bgcolor": "rgba(255,255,255,1)",
        "paper_bgcolor": "rgba(255,255,255,1)",
        "font": {
          "color": "rgba(0,0,0,1)",
          "family": "",
          "size": 14.6118721461187
        },
        "xaxis": {
          "domain": [
            0,
            0.489128071319852
          ],
          "automargin": true,
          "type": "linear",
          "autorange": false,
          "range": [
            5.005,
            104.995
          ],
          "tickmode": "array",
          "ticktext": [
            "25",
            "50",
            "75",
            "100"
          ],
          "tickvals": [
            25,
            50,
            75,
            100
          ],
          "categoryorder": "array",
          "categoryarray": [
            "25",
            "50",
            "75",
            "100"
          ],
          "nticks": null,
          "ticks": "outside",
          "tickcolor": "rgba(51,51,51,1)",
          "ticklen": 3.65296803652968,
          "tickwidth": 0.66417600664176,
          "showticklabels": true,
          "tickfont": {
            "color": "rgba(77,77,77,1)",
            "family": "",
            "size": 11.689497716895
          },
          "tickangle": 0,
          "showline": false,
          "linecolor": null,
          "linewidth": 0,
          "showgrid": true,
          "gridcolor": "rgba(235,235,235,1)",
          "gridwidth": 0.66417600664176,
          "zeroline": false,
          "anchor": "y",
          "title": "",
          "hoverformat": ".2f"
        },
        "annotations": [
          {
            "text": "Age",
            "x": 0.5,
            "y": 0,
            "showarrow": false,
            "ax": 0,
            "ay": 0,
            "font": {
              "color": "rgba(0,0,0,1)",
              "family": "",
              "size": 14.6118721461187
            },
            "xref": "paper",
            "yref": "paper",
            "textangle": 0,
            "xanchor": "center",
            "yanchor": "top",
            "annotationType": "axis",
            "yshift": -21.9178082191781
          },
          {
            "text": "Prevalence",
            "x": 0,
            "y": 0.5,
            "showarrow": false,
            "ax": 0,
            "ay": 0,
            "font": {
              "color": "rgba(0,0,0,1)",
              "family": "",
              "size": 14.6118721461187
            },
            "xref": "paper",
            "yref": "paper",
            "textangle": -90,
            "xanchor": "right",
            "yanchor": "center",
            "annotationType": "axis",
            "xshift": -39.4520547945205
          },
          {
            "text": "male",
            "x": 0.244564035659926,
            "y": 1,
            "showarrow": false,
            "ax": 0,
            "ay": 0,
            "font": {
              "color": "rgba(26,26,26,1)",
              "family": "",
              "size": 11.689497716895
            },
            "xref": "paper",
            "yref": "paper",
            "textangle": 0,
            "xanchor": "center",
            "yanchor": "bottom"
          },
          {
            "text": "female",
            "x": 0.755435964340074,
            "y": 1,
            "showarrow": false,
            "ax": 0,
            "ay": 0,
            "font": {
              "color": "rgba(26,26,26,1)",
              "family": "",
              "size": 11.689497716895
            },
            "xref": "paper",
            "yref": "paper",
            "textangle": 0,
            "xanchor": "center",
            "yanchor": "bottom"
          }
        ],
        "yaxis": {
          "domain": [
            0,
            1
          ],
          "automargin": true,
          "type": "linear",
          "autorange": false,
          "range": [
            -0.000796615524881366,
            0.0167289260225087
          ],
          "tickmode": "array",
          "ticktext": [
            "0.000",
            "0.005",
            "0.010",
            "0.015"
          ],
          "tickvals": [
            1.0842021724855e-19,
            0.005,
            0.01,
            0.015
          ],
          "categoryorder": "array",
          "categoryarray": [
            "0.000",
            "0.005",
            "0.010",
            "0.015"
          ],
          "nticks": null,
          "ticks": "outside",
          "tickcolor": "rgba(51,51,51,1)",
          "ticklen": 3.65296803652968,
          "tickwidth": 0.66417600664176,
          "showticklabels": true,
          "tickfont": {
            "color": "rgba(77,77,77,1)",
            "family": "",
            "size": 11.689497716895
          },
          "tickangle": 0,
          "showline": false,
          "linecolor": null,
          "linewidth": 0,
          "showgrid": true,
          "gridcolor": "rgba(235,235,235,1)",
          "gridwidth": 0.66417600664176,
          "zeroline": false,
          "anchor": "x",
          "title": "",
          "hoverformat": ".2f"
        },
        "shapes": [
          {
            "type": "rect",
            "fillcolor": "transparent",
            "line": {
              "color": "rgba(51,51,51,1)",
              "width": 0.66417600664176,
              "linetype": "solid"
            },
            "yref": "paper",
            "xref": "paper",
            "x0": 0,
            "x1": 0.489128071319852,
            "y0": 0,
            "y1": 1
          },
          {
            "type": "rect",
            "fillcolor": null,
            "line": {
              "color": null,
              "width": 0,
              "linetype": []
            },
            "yref": "paper",
            "xref": "paper",
            "x0": 0,
            "x1": 0.489128071319852,
            "y0": 0,
            "y1": 23.37899543379,
            "yanchor": 1,
            "ysizemode": "pixel"
          },
          {
            "type": "rect",
            "fillcolor": "transparent",
            "line": {
              "color": "rgba(51,51,51,1)",
              "width": 0.66417600664176,
              "linetype": "solid"
            },
            "yref": "paper",
            "xref": "paper",
            "x0": 0.510871928680148,
            "x1": 1,
            "y0": 0,
            "y1": 1
          },
          {
            "type": "rect",
            "fillcolor": null,
            "line": {
              "color": null,
              "width": 0,
              "linetype": []
            },
            "yref": "paper",
            "xref": "paper",
            "x0": 0.510871928680148,
            "x1": 1,
            "y0": 0,
            "y1": 23.37899543379,
            "yanchor": 1,
            "ysizemode": "pixel"
          }
        ],
        "xaxis2": {
          "type": "linear",
          "autorange": false,
          "range": [
            5.005,
            104.995
          ],
          "tickmode": "array",
          "ticktext": [
            "25",
            "50",
            "75",
            "100"
          ],
          "tickvals": [
            25,
            50,
            75,
            100
          ],
          "categoryorder": "array",
          "categoryarray": [
            "25",
            "50",
            "75",
            "100"
          ],
          "nticks": null,
          "ticks": "outside",
          "tickcolor": "rgba(51,51,51,1)",
          "ticklen": 3.65296803652968,
          "tickwidth": 0.66417600664176,
          "showticklabels": true,
          "tickfont": {
            "color": "rgba(77,77,77,1)",
            "family": "",
            "size": 11.689497716895
          },
          "tickangle": 0,
          "showline": false,
          "linecolor": null,
          "linewidth": 0,
          "showgrid": true,
          "domain": [
            0.510871928680148,
            1
          ],
          "gridcolor": "rgba(235,235,235,1)",
          "gridwidth": 0.66417600664176,
          "zeroline": false,
          "anchor": "y",
          "title": "",
          "hoverformat": ".2f"
        },
        "showlegend": true,
        "legend": {
          "bgcolor": "rgba(255,255,255,1)",
          "bordercolor": "transparent",
          "borderwidth": 1.88976377952756,
          "font": {
            "color": "rgba(0,0,0,1)",
            "family": "",
            "size": 11.689497716895
          },
          "title": {
            "text": "",
            "font": {
              "color": "rgba(0,0,0,1)",
              "family": "",
              "size": 14.6118721461187
            }
          }
        },
        "hovermode": "closest",
        "barmode": "relative"
      }
    }
  },
  "id": "35c43432-8609-484d-a3a6-cc21dfceff66"
}